64 1
0.08132060617208481 
0.06517874449491501 
0.14563967287540436 
0.1360715627670288 
0.20614425837993622 
-0.08580245822668076 
0.18174724280834198 
-0.21248993277549744 
-0.01913623698055744 
0.10502756386995316 
0.06990477442741394 
-0.09863326698541641 
0.06400299072265625 
0.21347065269947052 
0.1806202530860901 
0.0786936804652214 
-0.0888466089963913 
0.04418579861521721 
0.15867303311824799 
0.2374095916748047 
0.05791478976607323 
-0.1731424480676651 
0.14395399391651154 
-0.034334998577833176 
-0.12202756851911545 
0.08460678905248642 
0.2078290432691574 
-0.12798771262168884 
0.2413949817419052 
0.14790554344654083 
0.021061955019831657 
-0.07846501469612122 
-0.048125576227903366 
-0.03973845764994621 
-0.03438540920615196 
0.11374958604574203 
0.006929793860763311 
-0.10811924189329147 
0.047396495938301086 
-0.14052845537662506 
-0.06802478432655334 
-0.06317956745624542 
-0.0707077607512474 
-0.018023580312728882 
-0.0939369797706604 
0.057161491364240646 
-0.3206166923046112 
0.07705516368150711 
0.04388100281357765 
-0.01507213618606329 
-0.045758962631225586 
0.09666282683610916 
-0.16224506497383118 
0.17036102712154388 
0.14789608120918274 
0.15068013966083527 
-0.08846253156661987 
-0.21354569494724274 
-0.15528541803359985 
0.06492206454277039 
-0.033228714019060135 
0.06589343398809433 
-0.021186739206314087 
0.06483331322669983 
64
-0.4478086829185486 -0.0317942313849926 0.25787773728370667 0.032673999667167664 0.04364858195185661 -0.2824503779411316 -0.08960025012493134 0.16454343497753143 0.17965519428253174 -0.45501184463500977 -0.22553090751171112 0.12127808481454849 0.09665509313344955 -0.5702882409095764 -0.12074968218803406 -0.1652194708585739 0.2608473300933838 0.2801517844200134 0.010155362077057362 0.05733732506632805 0.0021881714928895235 0.04950568825006485 -0.5643795132637024 -0.014394807629287243 0.2143433392047882 -0.027177944779396057 -0.551628828048706 0.5664304494857788 -0.30564427375793457 -0.26390209794044495 0.20194284617900848 0.14000113308429718 -0.08525272458791733 0.025938479229807854 0.25019824504852295 -0.5015761852264404 -0.6796793937683105 -0.15359225869178772 -0.31099265813827515 0.38028448820114136 0.19374699890613556 0.14705367386341095 -0.22569838166236877 -0.4282554090023041 -0.005911943968385458 -0.27754664421081543 0.30922093987464905 0.01334910374134779 -0.573003888130188 -0.0010363026522099972 -0.4169543385505676 0.016018494963645935 0.26175275444984436 -0.13304561376571655 0.09693742543458939 -0.3102102279663086 0.21885882318019867 0.41375866532325745 0.15391166508197784 -0.3284516930580139 -0.09197018295526505 0.04624423012137413 0.2812502682209015 -0.5181267857551575 