64 4
-0.10405196249485016 -0.14585843682289124 -0.1740015149116516 0.08132060617208481 
0.09954581409692764 -0.0793939009308815 0.0516171008348465 0.06517874449491501 
0.1839667111635208 -0.08975854516029358 0.22149339318275452 0.14563967287540436 
-0.21350125968456268 -0.013830401003360748 0.10928218811750412 0.1360715627670288 
0.034838367253541946 0.22377969324588776 0.1799827218055725 0.20614425837993622 
-0.052107423543930054 0.08104413747787476 -0.24088485538959503 -0.08580245822668076 
0.12192879617214203 -0.4147797226905823 0.055956803262233734 0.18174724280834198 
-0.04115474224090576 0.02520880661904812 -0.05056088790297508 -0.21248993277549744 
-0.07764527946710587 -0.08706089854240417 0.15807382762432098 -0.01913623698055744 
0.0019619858358055353 -0.04024387523531914 -0.19067882001399994 0.10502756386995316 
0.09031307697296143 -0.05101372301578522 -0.0957103744149208 0.06990477442741394 
0.044411275535821915 0.05380693078041077 0.11446186155080795 -0.09863326698541641 
-0.10901424288749695 -0.018183600157499313 -0.005058437120169401 0.06400299072265625 
-0.028757035732269287 -0.015121014788746834 -0.06842546910047531 0.21347065269947052 
0.12346817553043365 0.09044647216796875 0.07714401930570602 0.1806202530860901 
-0.06089869514107704 -0.21793726086616516 -0.0002405086561338976 0.0786936804652214 
0.06640119850635529 -0.07687762379646301 0.07313434779644012 -0.0888466089963913 
-0.1685563325881958 0.14659519493579865 0.0889003723859787 0.04418579861521721 
0.11117833852767944 -0.12011483311653137 0.1980869472026825 0.15867303311824799 
0.010617510415613651 -0.03601686656475067 0.14033642411231995 0.2374095916748047 
-0.160855233669281 -0.07661940157413483 0.08783845603466034 0.05791478976607323 
-0.13105446100234985 0.142882838845253 -0.11096494644880295 -0.1731424480676651 
0.0280333049595356 -0.06670878082513809 -0.17768225073814392 0.14395399391651154 
-0.011243770830333233 -0.12058186531066895 -0.0792035385966301 -0.034334998577833176 
0.04504745453596115 -0.2144257128238678 0.11228133738040924 -0.12202756851911545 
0.013837783597409725 -0.11256927996873856 0.0561525896191597 0.08460678905248642 
0.14569196105003357 -0.047403447329998016 -0.09130396693944931 0.2078290432691574 
-0.19540050625801086 0.026418402791023254 0.12622961401939392 -0.12798771262168884 
-0.07367563247680664 0.1532038301229477 -0.12395986914634705 0.2413949817419052 
0.06270536035299301 0.020792651921510696 -0.14279264211654663 0.14790554344654083 
0.07512430101633072 -0.08796758204698563 0.14807915687561035 0.021061955019831657 
-0.22405649721622467 -0.18125778436660767 0.0011749205878004432 -0.07846501469612122 
0.08000846207141876 0.09622731059789658 0.0466071255505085 -0.048125576227903366 
-0.10602163523435593 -0.2320968508720398 0.0625295490026474 -0.03973845764994621 
-0.19637608528137207 -0.01386213954538107 0.07769652456045151 -0.03438540920615196 
0.06632332503795624 0.03676256164908409 -0.18371957540512085 0.11374958604574203 
-0.06544408947229385 -0.046397607773542404 -0.20312869548797607 0.006929793860763311 
0.02154834195971489 0.02519034780561924 -0.14804214239120483 -0.10811924189329147 
0.13921669125556946 -0.1807342916727066 -0.08289078623056412 0.047396495938301086 
-0.04514968395233154 0.04139605164527893 0.1598951369524002 -0.14052845537662506 
-0.05783471465110779 -0.14345411956310272 -0.11038517206907272 -0.06802478432655334 
-0.18007631599903107 -0.367548406124115 0.10900181531906128 -0.06317956745624542 
-0.02460310235619545 -0.22294040024280548 -0.1917477548122406 -0.0707077607512474 
0.1471170336008072 -0.05085313692688942 -0.15459445118904114 -0.018023580312728882 
-0.3165914714336395 0.02669745497405529 -0.16353543102741241 -0.0939369797706604 
-0.10475005209445953 0.0714251920580864 -0.19163356721401215 0.057161491364240646 
0.11299457401037216 -0.04306265711784363 -0.007889032363891602 -0.3206166923046112 
-0.11608238518238068 -0.015374171547591686 0.0426681749522686 0.07705516368150711 
-0.07342849671840668 -0.10383741557598114 -0.16765569150447845 0.04388100281357765 
-0.08625594526529312 -0.04029613733291626 -0.0835421159863472 -0.01507213618606329 
0.08682779222726822 -0.12356450408697128 -0.22191122174263 -0.045758962631225586 
-0.3071388006210327 -0.14857806265354156 0.0301198810338974 0.09666282683610916 
0.13963374495506287 0.09501523524522781 0.013971421867609024 -0.16224506497383118 
-0.11248059570789337 0.04164116829633713 0.001046499121002853 0.17036102712154388 
-0.16193224489688873 0.05875590816140175 0.09556605666875839 0.14789608120918274 
0.058358460664749146 0.00464881444349885 -0.029280686751008034 0.15068013966083527 
0.07843499630689621 -0.1275458186864853 0.029510827735066414 -0.08846253156661987 
0.14211097359657288 -0.14069180190563202 0.03729769214987755 -0.21354569494724274 
0.19431212544441223 0.0500672347843647 0.05320168286561966 -0.15528541803359985 
0.15796829760074615 0.01714334636926651 -0.19105938076972961 0.06492206454277039 
-0.0573374405503273 -0.11701095104217529 -0.07792247831821442 -0.033228714019060135 
-0.1997995674610138 0.08677896112203598 -0.06556066125631332 0.06589343398809433 
-0.04209378361701965 -0.02094988524913788 0.1615009903907776 -0.021186739206314087 
0.15058283507823944 -0.08493247628211975 -0.15121665596961975 0.06483331322669983 
64
-0.4478086829185486 -0.0317942313849926 0.25787773728370667 0.032673999667167664 0.04364858195185661 -0.2824503779411316 -0.08960025012493134 0.16454343497753143 0.17965519428253174 -0.45501184463500977 -0.22553090751171112 0.12127808481454849 0.09665509313344955 -0.5702882409095764 -0.12074968218803406 -0.1652194708585739 0.2608473300933838 0.2801517844200134 0.010155362077057362 0.05733732506632805 0.0021881714928895235 0.04950568825006485 -0.5643795132637024 -0.014394807629287243 0.2143433392047882 -0.027177944779396057 -0.551628828048706 0.5664304494857788 -0.30564427375793457 -0.26390209794044495 0.20194284617900848 0.14000113308429718 -0.08525272458791733 0.025938479229807854 0.25019824504852295 -0.5015761852264404 -0.6796793937683105 -0.15359225869178772 -0.31099265813827515 0.38028448820114136 0.19374699890613556 0.14705367386341095 -0.22569838166236877 -0.4282554090023041 -0.005911943968385458 -0.27754664421081543 0.30922093987464905 0.01334910374134779 -0.573003888130188 -0.0010363026522099972 -0.4169543385505676 0.016018494963645935 0.26175275444984436 -0.13304561376571655 0.09693742543458939 -0.3102102279663086 0.21885882318019867 0.41375866532325745 0.15391166508197784 -0.3284516930580139 -0.09197018295526505 0.04624423012137413 0.2812502682209015 -0.5181267857551575 