64 16
0.25936999917030334 -0.12585492432117462 0.07860679179430008 0.18563039600849152 -0.10007975995540619 -0.1211685836315155 0.10666154325008392 0.10557517409324646 0.017501428723335266 -0.08522495627403259 -0.08704052865505219 -0.042740900069475174 -0.10405196249485016 -0.14585843682289124 -0.1740015149116516 0.08132060617208481 
-0.10602444410324097 -0.04808684065937996 -0.007663481403142214 -0.22773657739162445 0.14881309866905212 0.021029191091656685 0.06656748801469803 0.16822877526283264 -0.011965420097112656 -0.3140932321548462 -0.23877178132534027 0.1501164585351944 0.09954581409692764 -0.0793939009308815 0.0516171008348465 0.06517874449491501 
-0.10337340086698532 -0.20049965381622314 0.19312803447246552 -0.12258458882570267 0.008162888698279858 0.02633943408727646 0.1377921849489212 -0.27962785959243774 -0.15354278683662415 -0.01106987427920103 0.007843484170734882 -0.0609329454600811 0.1839667111635208 -0.08975854516029358 0.22149339318275452 0.14563967287540436 
0.13689377903938293 0.13912394642829895 0.1896975189447403 0.07765662670135498 0.2626918852329254 0.01908264309167862 0.04422805830836296 0.05295644700527191 0.1415661871433258 -0.005791930481791496 0.19470877945423126 -0.01247884426265955 -0.21350125968456268 -0.013830401003360748 0.10928218811750412 0.1360715627670288 
0.14820709824562073 -0.07507049292325974 0.0469047836959362 -0.06777973473072052 0.037778161466121674 -0.14774897694587708 -0.16204851865768433 0.2509009540081024 0.009849920868873596 0.24409043788909912 -0.09593205153942108 -0.02987714856863022 0.034838367253541946 0.22377969324588776 0.1799827218055725 0.20614425837993622 
-0.1400659829378128 -0.03614749759435654 0.05463483929634094 -0.07991253584623337 0.019699398428201675 0.0024786994326859713 0.017558740451931953 0.12579776346683502 0.04920366033911705 -0.10177039355039597 -0.248938649892807 -0.09723430871963501 -0.052107423543930054 0.08104413747787476 -0.24088485538959503 -0.08580245822668076 
-0.01926076039671898 0.15311521291732788 0.049218323081731796 0.15164919197559357 -0.04354395344853401 0.246177077293396 -0.11111059784889221 0.1748378574848175 -0.24033840000629425 -0.14240950345993042 0.0924825593829155 0.010775678791105747 0.12192879617214203 -0.4147797226905823 0.055956803262233734 0.18174724280834198 
0.012560580857098103 0.0136854974552989 -0.08427398651838303 0.11981713026762009 0.09137029200792313 -0.0641411691904068 0.09109780937433243 -0.06467431038618088 -0.1838027387857437 0.27222955226898193 0.0391092523932457 0.17582550644874573 -0.04115474224090576 0.02520880661904812 -0.05056088790297508 -0.21248993277549744 
0.04430109262466431 0.18226386606693268 0.09261613339185715 -0.29059720039367676 0.11777953803539276 -0.013110284693539143 0.019423937425017357 0.004462444689124823 0.025391221046447754 0.06752368062734604 0.02070535160601139 0.01751244254410267 -0.07764527946710587 -0.08706089854240417 0.15807382762432098 -0.01913623698055744 
-0.0457855723798275 -0.08650029450654984 0.19702978432178497 0.018338315188884735 -0.08096270263195038 -0.09836176782846451 0.025280650705099106 -0.039390940219163895 -0.05927715823054314 -0.024049611762166023 -0.12134493887424469 0.04129094257950783 0.0019619858358055353 -0.04024387523531914 -0.19067882001399994 0.10502756386995316 
0.10995403677225113 0.21896380186080933 -0.07445313781499863 -0.010587981902062893 0.02996569685637951 0.003407209413126111 0.23032116889953613 -0.07219292968511581 -0.07931888103485107 0.024829275906085968 0.2914680242538452 -0.1126348078250885 0.09031307697296143 -0.05101372301578522 -0.0957103744149208 0.06990477442741394 
-0.18475311994552612 -0.025810325518250465 0.18136996030807495 0.17451773583889008 -0.016069462522864342 0.05381900817155838 -0.02220175974071026 -0.1917259842157364 0.3197886049747467 0.1642969846725464 0.14176027476787567 0.009275400079786777 0.044411275535821915 0.05380693078041077 0.11446186155080795 -0.09863326698541641 
-0.06641214340925217 0.018035346642136574 -0.058901142328977585 0.09729943424463272 -0.0576065294444561 0.27519533038139343 0.02169979363679886 -0.17141681909561157 -0.01609015464782715 -0.20251305401325226 0.022370126098394394 -0.018030578270554543 -0.10901424288749695 -0.018183600157499313 -0.005058437120169401 0.06400299072265625 
0.07697693258523941 -0.008957619778811932 -0.016317516565322876 0.1727619767189026 -0.1388123333454132 -0.09200555831193924 -0.020234201103448868 0.021048450842499733 0.10204598307609558 -0.004999231547117233 0.035712286829948425 -0.010366327129304409 -0.028757035732269287 -0.015121014788746834 -0.06842546910047531 0.21347065269947052 
0.20823651552200317 0.024270540103316307 -0.07533533871173859 -0.18487828969955444 -0.11540526896715164 -0.0401340015232563 -0.08086138963699341 -0.14339785277843475 0.14745518565177917 -0.07218435406684875 0.12755198776721954 0.19727905094623566 0.12346817553043365 0.09044647216796875 0.07714401930570602 0.1806202530860901 
0.05770072713494301 0.14326685667037964 -0.24627883732318878 -0.11967767775058746 -0.01782388612627983 0.09495729207992554 -0.18501299619674683 -0.11597729474306107 0.19527378678321838 0.17972628772258759 0.001851982669904828 0.12304988503456116 -0.06089869514107704 -0.21793726086616516 -0.0002405086561338976 0.0786936804652214 
0.0003163020883221179 -0.11549832671880722 -0.1240004301071167 0.09338759630918503 -0.04940527305006981 0.1963619589805603 0.07297028601169586 -0.005267338827252388 -0.05467288941144943 -0.028082596138119698 -0.09837763011455536 -0.28822463750839233 0.06640119850635529 -0.07687762379646301 0.07313434779644012 -0.0888466089963913 
-0.0706276148557663 -0.2920723855495453 -0.06600518524646759 -0.04442446678876877 0.23644092679023743 -0.012374840676784515 -0.1589047610759735 -0.09165296703577042 0.010588858276605606 -0.1658506840467453 0.21487879753112793 -0.05160188302397728 -0.1685563325881958 0.14659519493579865 0.0889003723859787 0.04418579861521721 
-0.021689513698220253 0.03083157353103161 -0.24685639142990112 0.15496522188186646 -0.20636585354804993 -0.0490637868642807 0.0317680723965168 -0.10959134250879288 -0.026996785774827003 0.007945573888719082 -0.0693773403763771 0.25743016600608826 0.11117833852767944 -0.12011483311653137 0.1980869472026825 0.15867303311824799 
-0.05302887782454491 0.03516821190714836 0.16885025799274445 0.280740886926651 0.35681313276290894 -0.2274966686964035 0.08351784199476242 -0.29304274916648865 -0.12317746132612228 -0.02724110148847103 -0.20350830256938934 -0.03491061553359032 0.010617510415613651 -0.03601686656475067 0.14033642411231995 0.2374095916748047 
-0.10035529732704163 -0.041000861674547195 -0.08851367980241776 -0.08808095008134842 0.007934213615953922 -0.05771993473172188 0.027189984917640686 0.2413095235824585 0.13323473930358887 0.0022039352916181087 0.12704935669898987 0.1087389811873436 -0.160855233669281 -0.07661940157413483 0.08783845603466034 0.05791478976607323 
0.16535931825637817 -0.04174019396305084 -0.024343134835362434 0.15014870464801788 0.0911773294210434 0.159499853849411 -0.016364863142371178 0.10686638206243515 0.07596546411514282 -0.07176488637924194 -0.08110352605581284 0.006038383115082979 -0.13105446100234985 0.142882838845253 -0.11096494644880295 -0.1731424480676651 
-0.09751441329717636 0.01325095072388649 0.025722686201334 0.060156553983688354 -0.01322739664465189 -0.004280714318156242 -0.16536299884319305 0.019607458263635635 -0.002337373560294509 -0.006155968643724918 0.13766148686408997 0.03209270164370537 0.0280333049595356 -0.06670878082513809 -0.17768225073814392 0.14395399391651154 
-0.12606802582740784 0.040389228612184525 -0.12098231911659241 0.11152249574661255 0.2726244330406189 -0.025369085371494293 -0.2422686070203781 0.06331553310155869 -0.013514464721083641 0.06786744296550751 -0.1462542712688446 -0.1731177568435669 -0.011243770830333233 -0.12058186531066895 -0.0792035385966301 -0.034334998577833176 
0.011368760839104652 0.020906303077936172 0.16387999057769775 0.10126811265945435 -0.10312263667583466 -0.16855411231517792 -0.32396405935287476 0.1534658968448639 -0.098482646048069 0.21252036094665527 -0.1387123167514801 0.07340789586305618 0.04504745453596115 -0.2144257128238678 0.11228133738040924 -0.12202756851911545 
-0.09596706926822662 -0.18447545170783997 -0.047015752643346786 -0.08542917668819427 -0.07969718426465988 -0.007610388100147247 0.07849384099245071 -0.10849309712648392 0.17073144018650055 0.0041784923523664474 -0.06763965636491776 -0.26053106784820557 0.013837783597409725 -0.11256927996873856 0.0561525896191597 0.08460678905248642 
-0.11287353932857513 0.02844490483403206 -0.1398114264011383 0.01899584010243416 0.06386703997850418 -0.03207249939441681 -0.01227560918778181 -0.004301442764699459 0.03795969486236572 -0.0016790092922747135 -0.042749084532260895 0.008928672410547733 0.14569196105003357 -0.047403447329998016 -0.09130396693944931 0.2078290432691574 
-0.07640951126813889 0.02131226845085621 -0.02063032239675522 -0.1588909775018692 -0.021091638132929802 -0.04412843659520149 0.04408268630504608 0.006023111753165722 -0.13095758855342865 -0.05488975718617439 -0.06510251760482788 -0.052264805883169174 -0.19540050625801086 0.026418402791023254 0.12622961401939392 -0.12798771262168884 
0.08601690083742142 0.11157679557800293 0.17634880542755127 -0.14419572055339813 -0.11951547861099243 0.1831475794315338 -0.013091638684272766 -0.08274076879024506 -0.20003150403499603 0.07459010928869247 -0.23020221292972565 0.05146823450922966 -0.07367563247680664 0.1532038301229477 -0.12395986914634705 0.2413949817419052 
-0.07796170562505722 -0.10515834391117096 0.1261083036661148 0.026821861043572426 0.12025909125804901 0.14307160675525665 -0.11810413748025894 -0.007822045125067234 -0.1703958660364151 -0.04169608652591705 -0.00557718425989151 0.19512775540351868 0.06270536035299301 0.020792651921510696 -0.14279264211654663 0.14790554344654083 
0.03431472182273865 -0.23002725839614868 -0.021992778405547142 0.0030059434939175844 0.09161486476659775 0.17003552615642548 -0.002685367362573743 0.2360285073518753 -0.08231373131275177 0.04629380255937576 0.09265012294054031 -0.07023750990629196 0.07512430101633072 -0.08796758204698563 0.14807915687561035 0.021061955019831657 
0.03288804367184639 -0.11276324093341827 0.0380936823785305 0.007656051777303219 -0.00177067203912884 -0.24111856520175934 0.2503059506416321 -0.09070979803800583 -0.15915432572364807 -0.1823701709508896 0.005627836100757122 0.062324538826942444 -0.22405649721622467 -0.18125778436660767 0.0011749205878004432 -0.07846501469612122 
-0.12968039512634277 0.148061603307724 0.26603537797927856 0.015652962028980255 -0.03653264418244362 0.08907745033502579 -0.01127253845334053 0.03166097030043602 0.2995321452617645 -0.0642932578921318 0.03995012119412422 0.19753874838352203 0.08000846207141876 0.09622731059789658 0.0466071255505085 -0.048125576227903366 
0.0728105679154396 -0.14652059972286224 0.19899621605873108 0.006101349834352732 -0.0014577223919332027 0.40544945001602173 0.04619274660944939 -0.08422841876745224 0.2893139719963074 0.03248259052634239 -0.14619696140289307 0.04783003777265549 -0.10602163523435593 -0.2320968508720398 0.0625295490026474 -0.03973845764994621 
0.3006616234779358 0.013935547322034836 0.17602019011974335 -0.06180908903479576 0.0748419314622879 0.023920508101582527 -0.20726142823696136 0.1235048770904541 0.04318349435925484 -0.0988532304763794 -0.0741933211684227 -0.14634141325950623 -0.19637608528137207 -0.01386213954538107 0.07769652456045151 -0.03438540920615196 
-0.11933889240026474 -0.22093996405601501 -0.0401131808757782 0.11474908143281937 -0.05856342613697052 0.04569593071937561 -0.17060506343841553 0.00635643070563674 0.09803774952888489 0.07554274797439575 0.03900659456849098 0.028271839022636414 0.06632332503795624 0.03676256164908409 -0.18371957540512085 0.11374958604574203 
-0.058882374316453934 -0.12128212302923203 -0.0033332561142742634 -0.00870148278772831 -0.011712020263075829 -0.14963886141777039 0.13790655136108398 0.049971286207437515 0.12668511271476746 0.043694235384464264 0.009656599722802639 -0.011149725876748562 -0.06544408947229385 -0.046397607773542404 -0.20312869548797607 0.006929793860763311 
0.09229525923728943 0.17174132168293 -0.02545653097331524 0.010851371102035046 0.18599769473075867 0.02211954817175865 0.060944996774196625 -0.15977895259857178 0.10677696019411087 -0.07924550771713257 -0.28288745880126953 0.14897800981998444 0.02154834195971489 0.02519034780561924 -0.14804214239120483 -0.10811924189329147 
-0.00020825816318392754 0.05615590512752533 0.0023542947601526976 0.003933122847229242 0.11665251106023788 0.04597064480185509 0.08851984143257141 0.19482631981372833 0.01994805596768856 -0.0816972404718399 0.06411952525377274 0.0545397587120533 0.13921669125556946 -0.1807342916727066 -0.08289078623056412 0.047396495938301086 
0.0624736025929451 0.1154332309961319 0.0702417641878128 0.2715986371040344 0.043800294399261475 0.03231405094265938 0.1185702234506607 -0.02462061680853367 0.037572022527456284 0.06497178226709366 0.12459182739257812 0.02910482883453369 -0.04514968395233154 0.04139605164527893 0.1598951369524002 -0.14052845537662506 
0.15161572396755219 -0.04604759067296982 0.11586155742406845 -0.06190115958452225 0.1851292997598648 0.04882341995835304 -0.3289956748485565 -0.26485562324523926 -0.045205339789390564 0.015643399208784103 0.13972963392734528 -0.06862220168113708 -0.05783471465110779 -0.14345411956310272 -0.11038517206907272 -0.06802478432655334 
-0.05043008551001549 0.0032283638138324022 -0.2043658047914505 -0.024896886199712753 -0.0931573435664177 -0.1796468198299408 0.0015730843879282475 0.019924797117710114 0.06921133399009705 -0.007474467158317566 -0.11549805849790573 0.04485899209976196 -0.18007631599903107 -0.367548406124115 0.10900181531906128 -0.06317956745624542 
0.2941036522388458 0.0013167093275114894 0.10548248142004013 -0.1834045946598053 -0.09886176139116287 -0.09228841960430145 0.028539763763546944 -0.11373624950647354 0.0751924142241478 -0.027940550819039345 -0.041054826229810715 -0.009652338922023773 -0.02460310235619545 -0.22294040024280548 -0.1917477548122406 -0.0707077607512474 
-0.07672757655382156 0.05683571472764015 0.05143018439412117 0.03252692148089409 0.11728038638830185 -0.10797130316495895 0.01969899795949459 0.10044212639331818 0.15399490296840668 -0.016514845192432404 0.04515790566802025 -0.014764201827347279 0.1471170336008072 -0.05085313692688942 -0.15459445118904114 -0.018023580312728882 
-0.15454012155532837 0.04500008746981621 0.0073805986903607845 0.039692703634500504 0.044102467596530914 0.048145685344934464 -0.039534036070108414 -0.09317030757665634 -0.16277436912059784 -0.1227465569972992 0.11165767163038254 0.38638219237327576 -0.3165914714336395 0.02669745497405529 -0.16353543102741241 -0.0939369797706604 
-0.11747079342603683 0.09233813732862473 -0.05498041212558746 -0.005068357568234205 -0.09110657125711441 -0.032326214015483856 -0.006835652515292168 0.16785813868045807 -0.09041494131088257 -0.09230170398950577 0.27525243163108826 -0.02470734901726246 -0.10475005209445953 0.0714251920580864 -0.19163356721401215 0.057161491364240646 
0.1441909819841385 -0.15608997642993927 -0.18592064082622528 -0.04332203418016434 -0.13695555925369263 -0.035815782845020294 -0.043559614568948746 -0.15096940100193024 0.010067964904010296 0.04337999224662781 0.0035129582975059748 0.1065390557050705 0.11299457401037216 -0.04306265711784363 -0.007889032363891602 -0.3206166923046112 
-0.2556886374950409 -0.002511084545403719 -0.10740316659212112 -0.2922980785369873 0.12432385236024857 0.18329079449176788 0.20162732899188995 -0.0011399333598092198 0.04040352255105972 0.18903851509094238 -0.03313104063272476 -0.05406318977475166 -0.11608238518238068 -0.015374171547591686 0.0426681749522686 0.07705516368150711 
-0.16217929124832153 -0.18365085124969482 0.04331288859248161 -0.07553862035274506 -0.02055133506655693 0.013431725092232227 -0.0008307819371111691 0.0592934750020504 0.1761980503797531 0.04689044877886772 0.06751852482557297 -0.0394238643348217 -0.07342849671840668 -0.10383741557598114 -0.16765569150447845 0.04388100281357765 
-0.103142149746418 -0.2317904531955719 -0.0234222412109375 -0.16533119976520538 0.04305683448910713 -0.024455755949020386 -0.22912980616092682 -0.1692800223827362 -0.08553899824619293 0.0833045244216919 -0.0068147447891533375 0.12239965796470642 -0.08625594526529312 -0.04029613733291626 -0.0835421159863472 -0.01507213618606329 
-0.04245330020785332 -0.08872287720441818 0.13086186349391937 -0.014592554420232773 0.08065024763345718 -0.04221436381340027 0.04056109860539436 0.056506771594285965 -0.057712770998477936 0.23844538629055023 0.049724090844392776 0.018723713234066963 0.08682779222726822 -0.12356450408697128 -0.22191122174263 -0.045758962631225586 
-0.16170263290405273 0.12479504197835922 -0.03414131700992584 0.1341606229543686 0.0062140789814293385 0.09600202739238739 -0.02160555124282837 -0.005025566555559635 -0.03111431933939457 0.2999039590358734 -0.1286475509405136 0.05189182981848717 -0.3071388006210327 -0.14857806265354156 0.0301198810338974 0.09666282683610916 
-0.0016317237168550491 -0.08907858282327652 -0.13968805968761444 0.21839523315429688 -0.018811233341693878 0.27709561586380005 -0.07657958567142487 0.005725518334656954 -0.05292772874236107 -0.1114506870508194 -0.06998252123594284 0.10786212980747223 0.13963374495506287 0.09501523524522781 0.013971421867609024 -0.16224506497383118 
0.2731018662452698 -0.26473167538642883 -0.08282897621393204 0.07733035087585449 0.01511798333376646 0.07748229801654816 0.07703755795955658 0.05487464368343353 -0.09144874662160873 0.1956373006105423 0.10350053012371063 0.039978791028261185 -0.11248059570789337 0.04164116829633713 0.001046499121002853 0.17036102712154388 
0.12924623489379883 -0.04065486416220665 -0.31873154640197754 -0.03612727299332619 0.20147112011909485 -0.01819409616291523 -0.14422355592250824 -0.022410687059164047 0.0008336071623489261 -0.15074998140335083 0.015099416486918926 0.04757111147046089 -0.16193224489688873 0.05875590816140175 0.09556605666875839 0.14789608120918274 
0.1553829163312912 -0.21810302138328552 -0.054085973650217056 0.11640623211860657 0.016824550926685333 -0.014549573883414268 0.04488983377814293 0.00019580047228373587 0.18228779733181 -0.1597469002008438 -0.1357460618019104 0.17523573338985443 0.058358460664749146 0.00464881444349885 -0.029280686751008034 0.15068013966083527 
0.053851161152124405 0.1370677798986435 0.06940853595733643 -0.10503407567739487 -0.03201022371649742 0.03438272327184677 -0.17643751204013824 -0.06406954675912857 0.03732752799987793 -0.1713005006313324 0.11422716081142426 -0.06907260417938232 0.07843499630689621 -0.1275458186864853 0.029510827735066414 -0.08846253156661987 
-0.04630996659398079 -0.07484690845012665 0.035741887986660004 -0.0198863185942173 0.0980292484164238 -0.02620670199394226 -0.07275132089853287 0.022331541404128075 -0.1368391513824463 -0.16674469411373138 0.16498979926109314 -0.09802369028329849 0.14211097359657288 -0.14069180190563202 0.03729769214987755 -0.21354569494724274 
0.01279632467776537 -0.0901787132024765 -0.04924188181757927 -0.006785585079342127 0.20109230279922485 -0.05092667043209076 -0.030644970014691353 0.011046184226870537 -0.06923379004001617 0.11145392060279846 -0.10855425149202347 0.025410596281290054 0.19431212544441223 0.0500672347843647 0.05320168286561966 -0.15528541803359985 
0.1478000432252884 0.05468117818236351 0.0027757887728512287 -0.2145165503025055 -0.014090027660131454 0.14100709557533264 0.019009973853826523 -0.11427583545446396 -0.1771383285522461 0.17915232479572296 0.0510391928255558 -0.0012643069494515657 0.15796829760074615 0.01714334636926651 -0.19105938076972961 0.06492206454277039 
0.1374751180410385 -0.17072319984436035 -0.006165183614939451 0.04416095092892647 0.12127368152141571 0.15240654349327087 0.28116223216056824 0.00873747281730175 -0.02875291369855404 0.14454779028892517 0.13440346717834473 0.0027132630348205566 -0.0573374405503273 -0.11701095104217529 -0.07792247831821442 -0.033228714019060135 
-0.08269573003053665 0.0725283995270729 -0.038219209760427475 0.12275764346122742 -0.2887115478515625 -0.0007647311431355774 -0.14662909507751465 -0.20310406386852264 -0.05197049304842949 -0.06646117568016052 -0.037952132523059845 -0.4029601216316223 -0.1997995674610138 0.08677896112203598 -0.06556066125631332 0.06589343398809433 
-0.10180192440748215 -0.2144726812839508 0.2700766324996948 -0.01756628230214119 -0.20449446141719818 -0.15157949924468994 -0.05745702236890793 -0.009828254580497742 -0.03756985068321228 -0.06300307810306549 0.15513361990451813 0.16382484138011932 -0.04209378361701965 -0.02094988524913788 0.1615009903907776 -0.021186739206314087 
-0.0019950498826801777 0.050307728350162506 -0.13306944072246552 0.050822753459215164 0.2147855907678604 -0.1874021738767624 -0.029606932774186134 -0.17527781426906586 0.2055593729019165 -0.01920308545231819 0.0973038449883461 -0.0922333225607872 0.15058283507823944 -0.08493247628211975 -0.15121665596961975 0.06483331322669983 
64
-0.4478086829185486 -0.0317942313849926 0.25787773728370667 0.032673999667167664 0.04364858195185661 -0.2824503779411316 -0.08960025012493134 0.16454343497753143 0.17965519428253174 -0.45501184463500977 -0.22553090751171112 0.12127808481454849 0.09665509313344955 -0.5702882409095764 -0.12074968218803406 -0.1652194708585739 0.2608473300933838 0.2801517844200134 0.010155362077057362 0.05733732506632805 0.0021881714928895235 0.04950568825006485 -0.5643795132637024 -0.014394807629287243 0.2143433392047882 -0.027177944779396057 -0.551628828048706 0.5664304494857788 -0.30564427375793457 -0.26390209794044495 0.20194284617900848 0.14000113308429718 -0.08525272458791733 0.025938479229807854 0.25019824504852295 -0.5015761852264404 -0.6796793937683105 -0.15359225869178772 -0.31099265813827515 0.38028448820114136 0.19374699890613556 0.14705367386341095 -0.22569838166236877 -0.4282554090023041 -0.005911943968385458 -0.27754664421081543 0.30922093987464905 0.01334910374134779 -0.573003888130188 -0.0010363026522099972 -0.4169543385505676 0.016018494963645935 0.26175275444984436 -0.13304561376571655 0.09693742543458939 -0.3102102279663086 0.21885882318019867 0.41375866532325745 0.15391166508197784 -0.3284516930580139 -0.09197018295526505 0.04624423012137413 0.2812502682209015 -0.5181267857551575 